20.00	20.00	20.00	20.00	20.00	20.00	20.00	20.00	20.00	20.00	20.00	20.00	20.00	100.00	100.00	100.00	100.00	100.00	100.00	100.00	100.00	100.00	100.00	100.00	100.00	100.00	100.00	100.00	20.00	20.00	20.00	20.00	20.00	20.00	20.00	20.00	20.00	20.00	20.00	20.00	
20.00	20.00	20.00	20.00	20.00	20.00	20.00	20.00	20.00	20.00	20.00	20.00	20.00	100.00	100.00	100.00	100.00	100.00	100.00	100.00	100.00	100.00	100.00	100.00	100.00	100.00	100.00	100.00	20.00	20.00	20.00	20.00	20.00	20.00	20.00	20.00	20.00	20.00	20.00	20.00	
20.00	20.00	20.00	20.00	20.00	20.00	20.00	20.00	20.00	20.00	20.00	20.00	20.00	100.00	100.00	100.00	100.00	100.00	100.00	100.00	100.00	100.00	100.00	100.00	100.00	100.00	100.00	100.00	20.00	20.00	20.00	20.00	20.00	20.00	20.00	20.00	20.00	20.00	20.00	20.00	
20.00	20.00	20.00	20.00	20.00	20.00	20.00	20.00	20.00	20.00	20.00	20.00	20.00	100.00	100.00	100.00	100.00	100.00	100.00	100.00	100.00	100.00	100.00	100.00	100.00	100.00	100.00	100.00	20.00	20.00	20.00	20.00	20.00	20.00	20.00	20.00	20.00	20.00	20.00	20.00	
20.00	20.00	20.00	20.65	21.35	22.16	23.14	24.42	26.22	28.92	33.35	41.45	58.38	100.00	100.00	100.00	100.00	100.00	100.00	100.00	100.00	100.00	100.00	100.00	100.00	100.00	100.00	100.00	58.38	41.45	33.35	28.92	26.22	24.42	23.14	22.16	21.35	20.65	20.00	20.00	
20.00	20.00	20.00	21.26	22.60	24.13	25.98	28.34	31.54	36.11	43.04	54.06	72.07	100.00	100.00	100.00	100.00	100.00	100.00	100.00	100.00	100.00	100.00	100.00	100.00	100.00	100.00	100.00	72.07	54.06	43.04	36.11	31.54	28.34	25.98	24.13	22.60	21.26	20.00	20.00	
20.00	20.00	20.00	21.78	23.67	25.79	28.30	31.42	35.47	40.96	48.64	59.68	75.85	100.00	100.00	100.00	100.00	100.00	100.00	100.00	100.00	100.00	100.00	100.00	100.00	100.00	100.00	100.00	75.85	59.68	48.64	40.96	35.47	31.42	28.30	25.79	23.67	21.78	20.00	20.00	
20.00	20.00	20.00	22.19	24.51	27.06	30.01	33.57	37.98	43.60	50.87	60.19	71.65	83.72	88.59	90.90	92.16	92.89	93.32	93.55	93.62	93.55	93.32	92.89	92.16	90.90	88.59	83.72	71.65	60.19	50.87	43.60	37.98	33.57	30.01	27.06	24.51	22.19	20.00	20.00	
20.00	20.00	20.00	22.49	25.10	27.93	31.13	34.85	39.28	44.62	51.04	58.57	66.84	74.65	79.73	82.87	84.84	86.08	86.85	87.26	87.39	87.26	86.85	86.08	84.84	82.87	79.73	74.65	66.84	58.57	51.04	44.62	39.28	34.85	31.13	27.93	25.10	22.49	20.00	20.00	
20.00	20.00	20.00	22.68	25.46	28.44	31.73	35.44	39.68	44.55	50.10	56.20	62.50	68.32	72.81	76.03	78.25	79.76	80.72	81.26	81.43	81.26	80.72	79.76	78.25	76.03	72.81	68.32	62.50	56.20	50.10	44.55	39.68	35.44	31.73	28.44	25.46	22.68	20.00	20.00	
20.00	20.00	20.00	22.78	25.63	28.65	31.91	35.49	39.45	43.83	48.60	53.64	58.67	63.31	67.17	70.17	72.40	73.98	75.03	75.63	75.83	75.63	75.03	73.98	72.40	70.17	67.17	63.31	58.67	53.64	48.60	43.83	39.45	35.49	31.91	28.65	25.63	22.78	20.00	20.00	
20.00	20.00	20.00	22.79	25.64	28.62	31.77	35.16	38.81	42.72	46.85	51.09	55.24	59.08	62.40	65.10	67.20	68.75	69.81	70.42	70.62	70.42	69.81	68.75	67.20	65.10	62.40	59.08	55.24	51.09	46.85	42.72	38.81	35.16	31.77	28.62	25.64	22.79	20.00	20.00	
20.00	20.00	20.00	22.74	25.53	28.41	31.41	34.58	37.91	41.41	45.00	48.62	52.13	55.38	58.25	60.65	62.57	64.02	65.03	65.63	65.82	65.63	65.03	64.02	62.57	60.65	58.25	55.38	52.13	48.62	45.00	41.41	37.91	34.58	31.41	28.41	25.53	22.74	20.00	20.00	
20.00	20.00	20.00	22.65	25.33	28.07	30.90	33.84	36.87	39.99	43.15	46.28	49.29	52.09	54.57	56.70	58.42	59.75	60.69	61.25	61.43	61.25	60.69	59.75	58.42	56.70	54.57	52.09	49.29	46.28	43.15	39.99	36.87	33.84	30.90	28.07	25.33	22.65	20.00	20.00	
20.00	20.00	20.00	22.52	25.07	27.65	30.29	33.00	35.75	38.54	41.33	44.07	46.68	49.11	51.28	53.15	54.69	55.89	56.75	57.26	57.43	57.26	56.75	55.89	54.69	53.15	51.28	49.11	46.68	44.07	41.33	38.54	35.75	33.00	30.29	27.65	25.07	22.52	20.00	20.00	
20.00	20.00	20.00	22.38	24.77	27.18	29.63	32.11	34.61	37.11	39.59	41.99	44.28	46.40	48.30	49.95	51.32	52.39	53.16	53.63	53.78	53.63	53.16	52.39	51.32	49.95	48.30	46.40	44.28	41.99	39.59	37.11	34.61	32.11	29.63	27.18	24.77	22.38	20.00	20.00	
20.00	20.00	20.00	22.22	24.45	26.69	28.94	31.21	33.47	35.72	37.92	40.05	42.06	43.93	45.60	47.05	48.27	49.22	49.91	50.32	50.46	50.32	49.91	49.22	48.27	47.05	45.60	43.93	42.06	40.05	37.92	35.72	33.47	31.21	28.94	26.69	24.45	22.22	20.00	20.00	
20.00	20.00	20.00	22.06	24.12	26.19	28.26	30.32	32.37	34.39	36.35	38.24	40.02	41.66	43.13	44.42	45.49	46.34	46.95	47.32	47.44	47.32	46.95	46.34	45.49	44.42	43.13	41.66	40.02	38.24	36.35	34.39	32.37	30.32	28.26	26.19	24.12	22.06	20.00	20.00	
20.00	20.00	20.00	21.90	23.80	25.69	27.58	29.45	31.31	33.12	34.87	36.55	38.13	39.58	40.88	42.02	42.97	43.72	44.26	44.59	44.70	44.59	44.26	43.72	42.97	42.02	40.88	39.58	38.13	36.55	34.87	33.12	31.31	29.45	27.58	25.69	23.80	21.90	20.00	20.00	
20.00	20.00	20.00	21.74	23.48	25.21	26.93	28.63	30.30	31.92	33.49	34.99	36.38	37.67	38.82	39.83	40.67	41.33	41.81	42.10	42.20	42.10	41.81	41.33	40.67	39.83	38.82	37.67	36.38	34.99	33.49	31.92	30.30	28.63	26.93	25.21	23.48	21.74	20.00	20.00	
20.00	20.00	20.00	21.59	23.17	24.74	26.30	27.84	29.34	30.80	32.20	33.53	34.78	35.92	36.94	37.83	38.57	39.16	39.58	39.84	39.93	39.84	39.58	39.16	38.57	37.83	36.94	35.92	34.78	33.53	32.20	30.80	29.34	27.84	26.30	24.74	23.17	21.59	20.00	20.00	
20.00	20.00	20.00	21.44	22.88	24.30	25.71	27.10	28.45	29.76	31.01	32.19	33.30	34.31	35.21	36.00	36.65	37.17	37.55	37.78	37.85	37.78	37.55	37.17	36.65	36.00	35.21	34.31	33.30	32.19	31.01	29.76	28.45	27.10	25.71	24.30	22.88	21.44	20.00	20.00	
20.00	20.00	20.00	21.30	22.60	23.89	25.16	26.40	27.61	28.78	29.90	30.95	31.93	32.83	33.63	34.32	34.91	35.36	35.70	35.90	35.97	35.90	35.70	35.36	34.91	34.32	33.63	32.83	31.93	30.95	29.90	28.78	27.61	26.40	25.16	23.89	22.60	21.30	20.00	20.00	
20.00	20.00	20.00	21.17	22.34	23.50	24.64	25.75	26.84	27.88	28.88	29.81	30.68	31.48	32.18	32.80	33.31	33.72	34.01	34.19	34.25	34.19	34.01	33.72	33.31	32.80	32.18	31.48	30.68	29.81	28.88	27.88	26.84	25.75	24.64	23.50	22.34	21.17	20.00	20.00	
20.00	20.00	20.00	21.05	22.10	23.14	24.16	25.15	26.12	27.05	27.93	28.76	29.53	30.23	30.86	31.40	31.85	32.21	32.47	32.63	32.68	32.63	32.47	32.21	31.85	31.40	30.86	30.23	29.53	28.76	27.93	27.05	26.12	25.15	24.16	23.14	22.10	21.05	20.00	20.00	
20.00	20.00	20.00	20.94	21.88	22.80	23.71	24.60	25.46	26.28	27.06	27.80	28.48	29.10	29.65	30.13	30.53	30.84	31.07	31.20	31.25	31.20	31.07	30.84	30.53	30.13	29.65	29.10	28.48	27.80	27.06	26.28	25.46	24.60	23.71	22.80	21.88	20.94	20.00	20.00	
20.00	20.00	20.00	20.84	21.67	22.49	23.30	24.08	24.85	25.57	26.27	26.92	27.52	28.06	28.55	28.96	29.31	29.59	29.79	29.91	29.95	29.91	29.79	29.59	29.31	28.96	28.55	28.06	27.52	26.92	26.27	25.57	24.85	24.08	23.30	22.49	21.67	20.84	20.00	20.00	
20.00	20.00	20.00	20.74	21.48	22.20	22.92	23.61	24.28	24.93	25.54	26.11	26.63	27.11	27.54	27.91	28.21	28.45	28.63	28.73	28.77	28.73	28.63	28.45	28.21	27.91	27.54	27.11	26.63	26.11	25.54	24.93	24.28	23.61	22.92	22.20	21.48	20.74	20.00	20.00	
20.00	20.00	20.00	20.65	21.30	21.94	22.57	23.18	23.77	24.34	24.87	25.37	25.83	26.25	26.62	26.94	27.21	27.42	27.57	27.67	27.70	27.67	27.57	27.42	27.21	26.94	26.62	26.25	25.83	25.37	24.87	24.34	23.77	23.18	22.57	21.94	21.30	20.65	20.00	20.00	
20.00	20.00	20.00	20.57	21.14	21.70	22.25	22.79	23.30	23.79	24.26	24.70	25.10	25.46	25.79	26.07	26.30	26.48	26.62	26.70	26.72	26.70	26.62	26.48	26.30	26.07	25.79	25.46	25.10	24.70	24.26	23.79	23.30	22.79	22.25	21.70	21.14	20.57	20.00	20.00	
20.00	20.00	20.00	20.50	20.99	21.48	21.96	22.43	22.87	23.30	23.71	24.09	24.44	24.75	25.03	25.27	25.48	25.63	25.75	25.82	25.84	25.82	25.75	25.63	25.48	25.27	25.03	24.75	24.44	24.09	23.71	23.30	22.87	22.43	21.96	21.48	20.99	20.50	20.00	20.00	
20.00	20.00	20.00	20.43	20.86	21.28	21.70	22.10	22.49	22.86	23.21	23.53	23.83	24.11	24.35	24.56	24.73	24.87	24.96	25.02	25.04	25.02	24.96	24.87	24.73	24.56	24.35	24.11	23.83	23.53	23.21	22.86	22.49	22.10	21.70	21.28	20.86	20.43	20.00	20.00	
20.00	20.00	20.00	20.37	20.74	21.10	21.46	21.80	22.14	22.45	22.75	23.03	23.29	23.52	23.73	23.91	24.06	24.17	24.26	24.31	24.33	24.31	24.26	24.17	24.06	23.91	23.73	23.52	23.29	23.03	22.75	22.45	22.14	21.80	21.46	21.10	20.74	20.37	20.00	20.00	
20.00	20.00	20.00	20.32	20.63	20.94	21.24	21.54	21.82	22.09	22.34	22.58	22.80	23.00	23.17	23.33	23.45	23.55	23.62	23.67	23.68	23.67	23.62	23.55	23.45	23.33	23.17	23.00	22.80	22.58	22.34	22.09	21.82	21.54	21.24	20.94	20.63	20.32	20.00	20.00	
20.00	20.00	20.00	20.27	20.53	20.79	21.05	21.30	21.53	21.76	21.98	22.18	22.36	22.53	22.68	22.80	22.91	22.99	23.05	23.09	23.10	23.09	23.05	22.99	22.91	22.80	22.68	22.53	22.36	22.18	21.98	21.76	21.53	21.30	21.05	20.79	20.53	20.27	20.00	20.00	
20.00	20.00	20.00	20.22	20.44	20.66	20.87	21.08	21.28	21.47	21.65	21.82	21.97	22.11	22.23	22.34	22.42	22.49	22.54	22.57	22.58	22.57	22.54	22.49	22.42	22.34	22.23	22.11	21.97	21.82	21.65	21.47	21.28	21.08	20.87	20.66	20.44	20.22	20.00	20.00	
20.00	20.00	20.00	20.18	20.36	20.54	20.72	20.89	21.05	21.21	21.36	21.49	21.62	21.73	21.83	21.92	21.99	22.05	22.09	22.12	22.12	22.12	22.09	22.05	21.99	21.92	21.83	21.73	21.62	21.49	21.36	21.21	21.05	20.89	20.72	20.54	20.36	20.18	20.00	20.00	
20.00	20.00	20.00	20.15	20.29	20.44	20.58	20.72	20.85	20.98	21.10	21.21	21.31	21.40	21.48	21.55	21.61	21.66	21.69	21.71	21.72	21.71	21.69	21.66	21.61	21.55	21.48	21.40	21.31	21.21	21.10	20.98	20.85	20.72	20.58	20.44	20.29	20.15	20.00	20.00	
20.00	20.00	20.00	20.12	20.23	20.35	20.46	20.57	20.67	20.77	20.87	20.96	21.04	21.11	21.18	21.23	21.28	21.31	21.34	21.36	21.36	21.36	21.34	21.31	21.28	21.23	21.18	21.11	21.04	20.96	20.87	20.77	20.67	20.57	20.46	20.35	20.23	20.12	20.00	20.00	
20.00	20.00	20.00	20.09	20.18	20.27	20.36	20.44	20.52	20.60	20.67	20.74	20.80	20.86	20.91	20.95	20.98	21.01	21.03	21.05	21.05	21.05	21.03	21.01	20.98	20.95	20.91	20.86	20.80	20.74	20.67	20.60	20.52	20.44	20.36	20.27	20.18	20.09	20.00	20.00	
20.00	20.00	20.00	20.07	20.13	20.20	20.26	20.33	20.39	20.44	20.50	20.55	20.59	20.64	20.67	20.70	20.73	20.75	20.77	20.78	20.78	20.78	20.77	20.75	20.73	20.70	20.67	20.64	20.59	20.55	20.50	20.44	20.39	20.33	20.26	20.20	20.13	20.07	20.00	20.00	
20.00	20.00	20.00	20.05	20.09	20.14	20.19	20.23	20.27	20.31	20.35	20.39	20.42	20.45	20.47	20.50	20.51	20.53	20.54	20.55	20.55	20.55	20.54	20.53	20.51	20.50	20.47	20.45	20.42	20.39	20.35	20.31	20.27	20.23	20.19	20.14	20.09	20.05	20.00	20.00	
20.00	20.00	20.00	20.03	20.06	20.09	20.12	20.15	20.17	20.20	20.23	20.25	20.27	20.29	20.31	20.32	20.33	20.34	20.35	20.35	20.35	20.35	20.35	20.34	20.33	20.32	20.31	20.29	20.27	20.25	20.23	20.20	20.17	20.15	20.12	20.09	20.06	20.03	20.00	20.00	
20.00	20.00	20.00	20.02	20.03	20.05	20.06	20.08	20.09	20.11	20.12	20.13	20.15	20.16	20.16	20.17	20.18	20.18	20.19	20.19	20.19	20.19	20.19	20.18	20.18	20.17	20.16	20.16	20.15	20.13	20.12	20.11	20.09	20.08	20.06	20.05	20.03	20.02	20.00	20.00	
20.00	20.00	20.00	20.00	20.01	20.01	20.02	20.02	20.03	20.03	20.04	20.04	20.04	20.05	20.05	20.05	20.06	20.06	20.06	20.06	20.06	20.06	20.06	20.06	20.06	20.05	20.05	20.05	20.04	20.04	20.04	20.03	20.03	20.02	20.02	20.01	20.01	20.00	20.00	20.00	
20.00	20.00	20.00	20.00	19.99	19.99	19.98	19.98	19.98	19.97	19.97	19.97	19.96	19.96	19.96	19.96	19.96	19.96	19.95	19.95	19.95	19.95	19.95	19.96	19.96	19.96	19.96	19.96	19.96	19.97	19.97	19.97	19.98	19.98	19.98	19.99	19.99	20.00	20.00	20.00	
20.00	20.00	20.00	19.99	19.98	19.97	19.96	19.95	19.94	19.93	19.92	19.91	19.90	19.90	19.89	19.89	19.88	19.88	19.88	19.87	19.87	19.87	19.88	19.88	19.88	19.89	19.89	19.90	19.90	19.91	19.92	19.93	19.94	19.95	19.96	19.97	19.98	19.99	20.00	20.00	
20.00	20.00	20.00	19.98	19.97	19.95	19.94	19.92	19.91	19.89	19.88	19.87	19.86	19.85	19.84	19.83	19.83	19.82	19.82	19.82	19.82	19.82	19.82	19.82	19.83	19.83	19.84	19.85	19.86	19.87	19.88	19.89	19.91	19.92	19.94	19.95	19.97	19.98	20.00	20.00	
20.00	20.00	20.00	19.98	19.96	19.94	19.92	19.91	19.89	19.87	19.86	19.84	19.83	19.82	19.81	19.80	19.79	19.79	19.78	19.78	19.78	19.78	19.78	19.79	19.79	19.80	19.81	19.82	19.83	19.84	19.86	19.87	19.89	19.91	19.92	19.94	19.96	19.98	20.00	20.00	
20.00	20.00	20.00	19.98	19.96	19.94	19.92	19.90	19.88	19.86	19.85	19.83	19.82	19.80	19.79	19.78	19.77	19.77	19.76	19.76	19.76	19.76	19.76	19.77	19.77	19.78	19.79	19.80	19.82	19.83	19.85	19.86	19.88	19.90	19.92	19.94	19.96	19.98	20.00	20.00	
20.00	20.00	20.00	19.98	19.96	19.94	19.92	19.90	19.88	19.86	19.84	19.83	19.81	19.80	19.79	19.78	19.77	19.76	19.76	19.76	19.76	19.76	19.76	19.76	19.77	19.78	19.79	19.80	19.81	19.83	19.84	19.86	19.88	19.90	19.92	19.94	19.96	19.98	20.00	20.00	
20.00	20.00	20.00	19.98	19.96	19.94	19.92	19.90	19.88	19.87	19.85	19.83	19.82	19.81	19.80	19.79	19.78	19.77	19.77	19.77	19.77	19.77	19.77	19.77	19.78	19.79	19.80	19.81	19.82	19.83	19.85	19.87	19.88	19.90	19.92	19.94	19.96	19.98	20.00	20.00	
20.00	20.00	20.00	19.98	19.96	19.94	19.93	19.91	19.89	19.88	19.86	19.85	19.84	19.83	19.82	19.81	19.80	19.79	19.79	19.79	19.79	19.79	19.79	19.79	19.80	19.81	19.82	19.83	19.84	19.85	19.86	19.88	19.89	19.91	19.93	19.94	19.96	19.98	20.00	20.00	
20.00	20.00	20.00	19.98	19.97	19.95	19.94	19.92	19.91	19.90	19.88	19.87	19.86	19.85	19.84	19.84	19.83	19.82	19.82	19.82	19.82	19.82	19.82	19.82	19.83	19.84	19.84	19.85	19.86	19.87	19.88	19.90	19.91	19.92	19.94	19.95	19.97	19.98	20.00	20.00	
20.00	20.00	20.00	19.99	19.98	19.96	19.95	19.94	19.93	19.92	19.91	19.90	19.89	19.88	19.88	19.87	19.87	19.86	19.86	19.86	19.86	19.86	19.86	19.86	19.87	19.87	19.88	19.88	19.89	19.90	19.91	19.92	19.93	19.94	19.95	19.96	19.98	19.99	20.00	20.00	
20.00	20.00	20.00	19.99	19.98	19.97	19.97	19.96	19.95	19.94	19.94	19.93	19.92	19.92	19.91	19.91	19.91	19.90	19.90	19.90	19.90	19.90	19.90	19.90	19.91	19.91	19.91	19.92	19.92	19.93	19.94	19.94	19.95	19.96	19.97	19.97	19.98	19.99	20.00	20.00	
20.00	20.00	20.00	20.00	19.99	19.99	19.98	19.98	19.97	19.97	19.97	19.96	19.96	19.96	19.96	19.95	19.95	19.95	19.95	19.95	19.95	19.95	19.95	19.95	19.95	19.95	19.96	19.96	19.96	19.96	19.97	19.97	19.97	19.98	19.98	19.99	19.99	20.00	20.00	20.00	
20.00	20.00	20.00	20.00	20.00	20.00	20.00	20.00	20.00	20.00	20.00	20.00	20.00	20.00	20.00	20.00	20.00	20.00	20.00	20.00	20.00	20.00	20.00	20.00	20.00	20.00	20.00	20.00	20.00	20.00	20.00	20.00	20.00	20.00	20.00	20.00	20.00	20.00	20.00	20.00	
20.00	20.00	20.00	20.00	20.00	20.00	20.00	20.00	20.00	20.00	20.00	20.00	20.00	20.00	20.00	20.00	20.00	20.00	20.00	20.00	20.00	20.00	20.00	20.00	20.00	20.00	20.00	20.00	20.00	20.00	20.00	20.00	20.00	20.00	20.00	20.00	20.00	20.00	20.00	20.00	
20.00	20.00	20.00	20.00	20.00	20.00	20.00	20.00	20.00	20.00	20.00	20.00	20.00	20.00	20.00	20.00	20.00	20.00	20.00	20.00	20.00	20.00	20.00	20.00	20.00	20.00	20.00	20.00	20.00	20.00	20.00	20.00	20.00	20.00	20.00	20.00	20.00	20.00	20.00	20.00	
