20.00	20.00	20.00	20.00	20.00	20.00	20.00	20.00	20.00	20.00	20.00	20.00	20.00	100.00	100.00	100.00	100.00	100.00	100.00	100.00	100.00	100.00	100.00	100.00	100.00	100.00	100.00	100.00	20.00	20.00	20.00	20.00	20.00	20.00	20.00	20.00	20.00	20.00	20.00	20.00	
20.00	20.00	20.00	20.00	20.00	20.00	20.00	20.00	20.00	20.00	20.00	20.00	20.00	100.00	100.00	100.00	100.00	100.00	100.00	100.00	100.00	100.00	100.00	100.00	100.00	100.00	100.00	100.00	20.00	20.00	20.00	20.00	20.00	20.00	20.00	20.00	20.00	20.00	20.00	20.00	
20.00	20.00	20.00	20.00	20.00	20.00	20.00	20.00	20.00	20.00	20.00	20.00	20.00	100.00	100.00	100.00	100.00	100.00	100.00	100.00	100.00	100.00	100.00	100.00	100.00	100.00	100.00	100.00	20.00	20.00	20.00	20.00	20.00	20.00	20.00	20.00	20.00	20.00	20.00	20.00	
20.00	20.00	20.00	20.00	20.00	20.00	20.00	20.00	20.00	20.00	20.00	20.00	20.00	100.00	100.00	100.00	100.00	100.00	100.00	100.00	100.00	100.00	100.00	100.00	100.00	100.00	100.00	100.00	20.00	20.00	20.00	20.00	20.00	20.00	20.00	20.00	20.00	20.00	20.00	20.00	
20.00	20.00	20.00	20.65	21.35	22.16	23.14	24.42	26.22	28.92	33.35	41.45	58.38	100.00	100.00	100.00	100.00	100.00	100.00	100.00	100.00	100.00	100.00	100.00	100.00	100.00	100.00	100.00	58.38	41.45	33.35	28.92	26.22	24.42	23.14	22.16	21.35	20.65	20.00	20.00	
20.00	20.00	20.00	21.26	22.60	24.13	25.98	28.34	31.53	36.11	43.04	54.06	72.07	100.00	100.00	100.00	100.00	100.00	100.00	100.00	100.00	100.00	100.00	100.00	100.00	100.00	100.00	100.00	72.07	54.06	43.04	36.11	31.53	28.34	25.98	24.13	22.60	21.26	20.00	20.00	
20.00	20.00	20.00	21.78	23.67	25.79	28.30	31.42	35.47	40.95	48.63	59.68	75.85	100.00	100.00	100.00	100.00	100.00	100.00	100.00	100.00	100.00	100.00	100.00	100.00	100.00	100.00	100.00	75.85	59.68	48.63	40.95	35.47	31.42	28.30	25.79	23.67	21.78	20.00	20.00	
20.00	20.00	20.00	22.19	24.51	27.06	30.01	33.56	37.98	43.60	50.86	60.19	71.65	83.72	88.59	90.90	92.16	92.89	93.32	93.55	93.62	93.55	93.32	92.89	92.16	90.90	88.59	83.72	71.65	60.19	50.86	43.60	37.98	33.56	30.01	27.06	24.51	22.19	20.00	20.00	
20.00	20.00	20.00	22.49	25.10	27.93	31.13	34.85	39.28	44.62	51.03	58.56	66.84	74.65	79.73	82.87	84.84	86.08	86.84	87.26	87.39	87.26	86.84	86.08	84.84	82.87	79.73	74.65	66.84	58.56	51.03	44.62	39.28	34.85	31.13	27.93	25.10	22.49	20.00	20.00	
20.00	20.00	20.00	22.68	25.46	28.44	31.73	35.44	39.68	44.55	50.09	56.20	62.50	68.31	72.81	76.02	78.25	79.76	80.72	81.26	81.43	81.26	80.72	79.76	78.25	76.02	72.81	68.31	62.50	56.20	50.09	44.55	39.68	35.44	31.73	28.44	25.46	22.68	20.00	20.00	
20.00	20.00	20.00	22.78	25.63	28.65	31.91	35.49	39.45	43.83	48.60	53.64	58.67	63.30	67.17	70.17	72.40	73.98	75.03	75.63	75.82	75.63	75.03	73.98	72.40	70.17	67.17	63.30	58.67	53.64	48.60	43.83	39.45	35.49	31.91	28.65	25.63	22.78	20.00	20.00	
20.00	20.00	20.00	22.79	25.64	28.62	31.77	35.16	38.81	42.72	46.85	51.08	55.24	59.08	62.39	65.10	67.20	68.75	69.80	70.41	70.61	70.41	69.80	68.75	67.20	65.10	62.39	59.08	55.24	51.08	46.85	42.72	38.81	35.16	31.77	28.62	25.64	22.79	20.00	20.00	
20.00	20.00	20.00	22.74	25.53	28.41	31.41	34.58	37.91	41.40	45.00	48.62	52.13	55.38	58.24	60.65	62.57	64.02	65.03	65.62	65.82	65.62	65.03	64.02	62.57	60.65	58.24	55.38	52.13	48.62	45.00	41.40	37.91	34.58	31.41	28.41	25.53	22.74	20.00	20.00	
20.00	20.00	20.00	22.65	25.33	28.07	30.90	33.83	36.87	39.99	43.15	46.28	49.29	52.08	54.57	56.69	58.42	59.75	60.69	61.24	61.43	61.24	60.69	59.75	58.42	56.69	54.57	52.08	49.29	46.28	43.15	39.99	36.87	33.83	30.90	28.07	25.33	22.65	20.00	20.00	
20.00	20.00	20.00	22.52	25.07	27.65	30.29	32.99	35.75	38.54	41.33	44.07	46.68	49.10	51.28	53.15	54.69	55.89	56.74	57.25	57.42	57.25	56.74	55.89	54.69	53.15	51.28	49.10	46.68	44.07	41.33	38.54	35.75	32.99	30.29	27.65	25.07	22.52	20.00	20.00	
20.00	20.00	20.00	22.38	24.77	27.18	29.63	32.11	34.61	37.11	39.58	41.99	44.28	46.40	48.30	49.95	51.32	52.39	53.16	53.62	53.77	53.62	53.16	52.39	51.32	49.95	48.30	46.40	44.28	41.99	39.58	37.11	34.61	32.11	29.63	27.18	24.77	22.38	20.00	20.00	
20.00	20.00	20.00	22.22	24.45	26.69	28.94	31.21	33.47	35.72	37.92	40.05	42.06	43.92	45.59	47.05	48.26	49.22	49.90	50.32	50.46	50.32	49.90	49.22	48.26	47.05	45.59	43.92	42.06	40.05	37.92	35.72	33.47	31.21	28.94	26.69	24.45	22.22	20.00	20.00	
20.00	20.00	20.00	22.06	24.12	26.19	28.25	30.32	32.36	34.38	36.35	38.23	40.01	41.65	43.13	44.41	45.49	46.33	46.95	47.31	47.44	47.31	46.95	46.33	45.49	44.41	43.13	41.65	40.01	38.23	36.35	34.38	32.36	30.32	28.25	26.19	24.12	22.06	20.00	20.00	
20.00	20.00	20.00	21.90	23.79	25.69	27.58	29.45	31.30	33.11	34.87	36.55	38.12	39.57	40.88	42.01	42.96	43.71	44.25	44.58	44.69	44.58	44.25	43.71	42.96	42.01	40.88	39.57	38.12	36.55	34.87	33.11	31.30	29.45	27.58	25.69	23.79	21.90	20.00	20.00	
20.00	20.00	20.00	21.74	23.48	25.21	26.92	28.62	30.29	31.92	33.49	34.98	36.38	37.66	38.82	39.82	40.66	41.32	41.81	42.10	42.19	42.10	41.81	41.32	40.66	39.82	38.82	37.66	36.38	34.98	33.49	31.92	30.29	28.62	26.92	25.21	23.48	21.74	20.00	20.00	
20.00	20.00	20.00	21.59	23.17	24.74	26.30	27.84	29.34	30.80	32.20	33.53	34.77	35.91	36.93	37.82	38.56	39.15	39.57	39.83	39.92	39.83	39.57	39.15	38.56	37.82	36.93	35.91	34.77	33.53	32.20	30.80	29.34	27.84	26.30	24.74	23.17	21.59	20.00	20.00	
20.00	20.00	20.00	21.44	22.88	24.30	25.71	27.09	28.44	29.75	31.00	32.19	33.29	34.30	35.20	35.99	36.65	37.17	37.54	37.77	37.85	37.77	37.54	37.17	36.65	35.99	35.20	34.30	33.29	32.19	31.00	29.75	28.44	27.09	25.71	24.30	22.88	21.44	20.00	20.00	
20.00	20.00	20.00	21.30	22.60	23.89	25.16	26.40	27.61	28.78	29.89	30.95	31.93	32.82	33.62	34.32	34.90	35.36	35.69	35.89	35.96	35.89	35.69	35.36	34.90	34.32	33.62	32.82	31.93	30.95	29.89	28.78	27.61	26.40	25.16	23.89	22.60	21.30	20.00	20.00	
20.00	20.00	20.00	21.17	22.34	23.50	24.64	25.75	26.83	27.88	28.87	29.81	30.68	31.47	32.18	32.79	33.30	33.71	34.00	34.18	34.24	34.18	34.00	33.71	33.30	32.79	32.18	31.47	30.68	29.81	28.87	27.88	26.83	25.75	24.64	23.50	22.34	21.17	20.00	20.00	
20.00	20.00	20.00	21.05	22.10	23.14	24.15	25.15	26.12	27.04	27.93	28.76	29.53	30.23	30.85	31.39	31.85	32.20	32.46	32.62	32.67	32.62	32.46	32.20	31.85	31.39	30.85	30.23	29.53	28.76	27.93	27.04	26.12	25.15	24.15	23.14	22.10	21.05	20.00	20.00	
20.00	20.00	20.00	20.94	21.87	22.80	23.71	24.59	25.45	26.28	27.06	27.79	28.47	29.09	29.64	30.12	30.52	30.83	31.06	31.20	31.24	31.20	31.06	30.83	30.52	30.12	29.64	29.09	28.47	27.79	27.06	26.28	25.45	24.59	23.71	22.80	21.87	20.94	20.00	20.00	
20.00	20.00	20.00	20.84	21.67	22.49	23.29	24.08	24.84	25.57	26.26	26.91	27.51	28.05	28.54	28.96	29.31	29.58	29.78	29.90	29.94	29.90	29.78	29.58	29.31	28.96	28.54	28.05	27.51	26.91	26.26	25.57	24.84	24.08	23.29	22.49	21.67	20.84	20.00	20.00	
20.00	20.00	20.00	20.74	21.48	22.20	22.91	23.61	24.28	24.92	25.53	26.10	26.63	27.11	27.53	27.90	28.20	28.45	28.62	28.72	28.76	28.72	28.62	28.45	28.20	27.90	27.53	27.11	26.63	26.10	25.53	24.92	24.28	23.61	22.91	22.20	21.48	20.74	20.00	20.00	
20.00	20.00	20.00	20.65	21.30	21.94	22.57	23.18	23.77	24.33	24.86	25.36	25.82	26.24	26.61	26.93	27.20	27.41	27.56	27.66	27.69	27.66	27.56	27.41	27.20	26.93	26.61	26.24	25.82	25.36	24.86	24.33	23.77	23.18	22.57	21.94	21.30	20.65	20.00	20.00	
20.00	20.00	20.00	20.57	21.14	21.70	22.25	22.78	23.30	23.79	24.26	24.69	25.09	25.46	25.78	26.06	26.29	26.47	26.61	26.69	26.71	26.69	26.61	26.47	26.29	26.06	25.78	25.46	25.09	24.69	24.26	23.79	23.30	22.78	22.25	21.70	21.14	20.57	20.00	20.00	
20.00	20.00	20.00	20.50	20.99	21.48	21.96	22.42	22.87	23.30	23.70	24.08	24.43	24.74	25.02	25.27	25.47	25.62	25.74	25.81	25.83	25.81	25.74	25.62	25.47	25.27	25.02	24.74	24.43	24.08	23.70	23.30	22.87	22.42	21.96	21.48	20.99	20.50	20.00	20.00	
20.00	20.00	20.00	20.43	20.86	21.28	21.69	22.09	22.48	22.85	23.20	23.53	23.83	24.10	24.34	24.55	24.72	24.86	24.96	25.01	25.03	25.01	24.96	24.86	24.72	24.55	24.34	24.10	23.83	23.53	23.20	22.85	22.48	22.09	21.69	21.28	20.86	20.43	20.00	20.00	
20.00	20.00	20.00	20.37	20.74	21.10	21.45	21.80	22.13	22.45	22.75	23.03	23.28	23.52	23.72	23.90	24.05	24.16	24.25	24.30	24.32	24.30	24.25	24.16	24.05	23.90	23.72	23.52	23.28	23.03	22.75	22.45	22.13	21.80	21.45	21.10	20.74	20.37	20.00	20.00	
20.00	20.00	20.00	20.31	20.63	20.94	21.24	21.53	21.81	22.08	22.34	22.57	22.79	22.99	23.17	23.32	23.44	23.54	23.61	23.66	23.67	23.66	23.61	23.54	23.44	23.32	23.17	22.99	22.79	22.57	22.34	22.08	21.81	21.53	21.24	20.94	20.63	20.31	20.00	20.00	
20.00	20.00	20.00	20.27	20.53	20.79	21.04	21.29	21.53	21.76	21.97	22.17	22.35	22.52	22.67	22.79	22.90	22.98	23.04	23.08	23.09	23.08	23.04	22.98	22.90	22.79	22.67	22.52	22.35	22.17	21.97	21.76	21.53	21.29	21.04	20.79	20.53	20.27	20.00	20.00	
20.00	20.00	20.00	20.22	20.44	20.66	20.87	21.08	21.27	21.46	21.64	21.81	21.96	22.10	22.22	22.33	22.42	22.48	22.53	22.56	22.57	22.56	22.53	22.48	22.42	22.33	22.22	22.10	21.96	21.81	21.64	21.46	21.27	21.08	20.87	20.66	20.44	20.22	20.00	20.00	
20.00	20.00	20.00	20.18	20.36	20.54	20.72	20.88	21.05	21.20	21.35	21.49	21.61	21.73	21.83	21.91	21.98	22.04	22.08	22.11	22.11	22.11	22.08	22.04	21.98	21.91	21.83	21.73	21.61	21.49	21.35	21.20	21.05	20.88	20.72	20.54	20.36	20.18	20.00	20.00	
20.00	20.00	20.00	20.15	20.29	20.44	20.58	20.72	20.85	20.97	21.09	21.20	21.30	21.39	21.48	21.55	21.60	21.65	21.68	21.70	21.71	21.70	21.68	21.65	21.60	21.55	21.48	21.39	21.30	21.20	21.09	20.97	20.85	20.72	20.58	20.44	20.29	20.15	20.00	20.00	
20.00	20.00	20.00	20.12	20.23	20.35	20.46	20.57	20.67	20.77	20.86	20.95	21.03	21.10	21.17	21.22	21.27	21.30	21.33	21.35	21.35	21.35	21.33	21.30	21.27	21.22	21.17	21.10	21.03	20.95	20.86	20.77	20.67	20.57	20.46	20.35	20.23	20.12	20.00	20.00	
20.00	20.00	20.00	20.09	20.18	20.27	20.35	20.44	20.52	20.59	20.66	20.73	20.79	20.85	20.90	20.94	20.98	21.00	21.02	21.04	21.04	21.04	21.02	21.00	20.98	20.94	20.90	20.85	20.79	20.73	20.66	20.59	20.52	20.44	20.35	20.27	20.18	20.09	20.00	20.00	
20.00	20.00	20.00	20.07	20.13	20.20	20.26	20.32	20.38	20.44	20.49	20.54	20.59	20.63	20.67	20.70	20.72	20.74	20.76	20.77	20.77	20.77	20.76	20.74	20.72	20.70	20.67	20.63	20.59	20.54	20.49	20.44	20.38	20.32	20.26	20.20	20.13	20.07	20.00	20.00	
20.00	20.00	20.00	20.05	20.09	20.14	20.18	20.23	20.27	20.31	20.35	20.38	20.41	20.44	20.47	20.49	20.51	20.52	20.53	20.54	20.54	20.54	20.53	20.52	20.51	20.49	20.47	20.44	20.41	20.38	20.35	20.31	20.27	20.23	20.18	20.14	20.09	20.05	20.00	20.00	
20.00	20.00	20.00	20.03	20.06	20.09	20.12	20.14	20.17	20.20	20.22	20.24	20.26	20.28	20.30	20.31	20.32	20.33	20.34	20.34	20.35	20.34	20.34	20.33	20.32	20.31	20.30	20.28	20.26	20.24	20.22	20.20	20.17	20.14	20.12	20.09	20.06	20.03	20.00	20.00	
20.00	20.00	20.00	20.02	20.03	20.05	20.06	20.08	20.09	20.10	20.12	20.13	20.14	20.15	20.16	20.17	20.17	20.18	20.18	20.18	20.18	20.18	20.18	20.18	20.17	20.17	20.16	20.15	20.14	20.13	20.12	20.10	20.09	20.08	20.06	20.05	20.03	20.02	20.00	20.00	
20.00	20.00	20.00	20.00	20.01	20.01	20.02	20.02	20.02	20.03	20.03	20.04	20.04	20.04	20.04	20.05	20.05	20.05	20.05	20.05	20.05	20.05	20.05	20.05	20.05	20.05	20.04	20.04	20.04	20.04	20.03	20.03	20.02	20.02	20.02	20.01	20.01	20.00	20.00	20.00	
20.00	20.00	20.00	20.00	19.99	19.99	19.98	19.98	19.97	19.97	19.97	19.96	19.96	19.96	19.95	19.95	19.95	19.95	19.95	19.95	19.95	19.95	19.95	19.95	19.95	19.95	19.95	19.96	19.96	19.96	19.97	19.97	19.97	19.98	19.98	19.99	19.99	20.00	20.00	20.00	
20.00	20.00	20.00	19.99	19.98	19.97	19.95	19.94	19.93	19.92	19.91	19.91	19.90	19.89	19.89	19.88	19.88	19.87	19.87	19.87	19.87	19.87	19.87	19.87	19.88	19.88	19.89	19.89	19.90	19.91	19.91	19.92	19.93	19.94	19.95	19.97	19.98	19.99	20.00	20.00	
20.00	20.00	20.00	19.98	19.97	19.95	19.93	19.92	19.91	19.89	19.88	19.87	19.85	19.84	19.84	19.83	19.82	19.82	19.81	19.81	19.81	19.81	19.81	19.82	19.82	19.83	19.84	19.84	19.85	19.87	19.88	19.89	19.91	19.92	19.93	19.95	19.97	19.98	20.00	20.00	
20.00	20.00	20.00	19.98	19.96	19.94	19.92	19.90	19.89	19.87	19.85	19.84	19.83	19.81	19.80	19.80	19.79	19.78	19.78	19.77	19.77	19.77	19.78	19.78	19.79	19.80	19.80	19.81	19.83	19.84	19.85	19.87	19.89	19.90	19.92	19.94	19.96	19.98	20.00	20.00	
20.00	20.00	20.00	19.98	19.96	19.94	19.92	19.90	19.88	19.86	19.84	19.83	19.81	19.80	19.79	19.78	19.77	19.76	19.76	19.76	19.76	19.76	19.76	19.76	19.77	19.78	19.79	19.80	19.81	19.83	19.84	19.86	19.88	19.90	19.92	19.94	19.96	19.98	20.00	20.00	
20.00	20.00	20.00	19.98	19.96	19.94	19.91	19.89	19.88	19.86	19.84	19.82	19.81	19.80	19.78	19.77	19.77	19.76	19.76	19.75	19.75	19.75	19.76	19.76	19.77	19.77	19.78	19.80	19.81	19.82	19.84	19.86	19.88	19.89	19.91	19.94	19.96	19.98	20.00	20.00	
20.00	20.00	20.00	19.98	19.96	19.94	19.92	19.90	19.88	19.86	19.85	19.83	19.82	19.81	19.79	19.78	19.78	19.77	19.77	19.76	19.76	19.76	19.77	19.77	19.78	19.78	19.79	19.81	19.82	19.83	19.85	19.86	19.88	19.90	19.92	19.94	19.96	19.98	20.00	20.00	
20.00	20.00	20.00	19.98	19.96	19.94	19.93	19.91	19.89	19.88	19.86	19.85	19.83	19.82	19.81	19.80	19.80	19.79	19.79	19.79	19.78	19.79	19.79	19.79	19.80	19.80	19.81	19.82	19.83	19.85	19.86	19.88	19.89	19.91	19.93	19.94	19.96	19.98	20.00	20.00	
20.00	20.00	20.00	19.98	19.97	19.95	19.94	19.92	19.91	19.89	19.88	19.87	19.86	19.85	19.84	19.83	19.83	19.82	19.82	19.82	19.82	19.82	19.82	19.82	19.83	19.83	19.84	19.85	19.86	19.87	19.88	19.89	19.91	19.92	19.94	19.95	19.97	19.98	20.00	20.00	
20.00	20.00	20.00	19.99	19.97	19.96	19.95	19.94	19.93	19.92	19.91	19.90	19.89	19.88	19.87	19.87	19.86	19.86	19.86	19.86	19.86	19.86	19.86	19.86	19.86	19.87	19.87	19.88	19.89	19.90	19.91	19.92	19.93	19.94	19.95	19.96	19.97	19.99	20.00	20.00	
20.00	20.00	20.00	19.99	19.98	19.97	19.97	19.96	19.95	19.94	19.94	19.93	19.92	19.92	19.91	19.91	19.91	19.90	19.90	19.90	19.90	19.90	19.90	19.90	19.91	19.91	19.91	19.92	19.92	19.93	19.94	19.94	19.95	19.96	19.97	19.97	19.98	19.99	20.00	20.00	
20.00	20.00	20.00	20.00	19.99	19.99	19.98	19.98	19.97	19.97	19.97	19.96	19.96	19.96	19.96	19.95	19.95	19.95	19.95	19.95	19.95	19.95	19.95	19.95	19.95	19.95	19.96	19.96	19.96	19.96	19.97	19.97	19.97	19.98	19.98	19.99	19.99	20.00	20.00	20.00	
20.00	20.00	20.00	20.00	20.00	20.00	20.00	20.00	20.00	20.00	20.00	20.00	20.00	20.00	20.00	20.00	20.00	20.00	20.00	20.00	20.00	20.00	20.00	20.00	20.00	20.00	20.00	20.00	20.00	20.00	20.00	20.00	20.00	20.00	20.00	20.00	20.00	20.00	20.00	20.00	
20.00	20.00	20.00	20.00	20.00	20.00	20.00	20.00	20.00	20.00	20.00	20.00	20.00	20.00	20.00	20.00	20.00	20.00	20.00	20.00	20.00	20.00	20.00	20.00	20.00	20.00	20.00	20.00	20.00	20.00	20.00	20.00	20.00	20.00	20.00	20.00	20.00	20.00	20.00	20.00	
20.00	20.00	20.00	20.00	20.00	20.00	20.00	20.00	20.00	20.00	20.00	20.00	20.00	20.00	20.00	20.00	20.00	20.00	20.00	20.00	20.00	20.00	20.00	20.00	20.00	20.00	20.00	20.00	20.00	20.00	20.00	20.00	20.00	20.00	20.00	20.00	20.00	20.00	20.00	20.00	
